ID1,4K3X.pdb,AAD17229.pdb,AAK70452.pdb,AAP34322.pdb,ABB96363.pdb,ABF21278.pdb,ACF36396.pdb,ACF93484.pdb,ACF93486.pdb,ACX31973.pdb,ACZ53978.pdb,ADF83650.pdb,ADJ38087.pdb,ADJ41816.pdb,AEH42785.pdb,AEM75523.pdb,AET77666.pdb,AEX33924.pdb,AFC98273.pdb,AFL56810.pdb,AFM46517.pdb,AFM46639.pdb,AFM46643.pdb,AFM93986.pdb,AGA19337.pdb,AGB84799.pdb,AGB84833.pdb,AGH25310.pdb,AGI02552.pdb,AGI55453.pdb,AGL04214.pdb,AGL05056.pdb,AGO00337.pdb,AGZ60571.pdb,AHB22615.pdb,AHD25285.pdb,AHN96842.pdb,AHN97094.pdb,AHY95115.pdb,AIC73740.pdb,CAA29337.pdb,CY077110.pdb
4K3X.pdb,0.0,1.56,1.71,1.66,2.12,1.66,2.12,1.64,1.66,1.42,2.12,1.43,1.61,2.14,1.55,2.12,2.1,1.6,1.54,1.55,1.7,1.67,1.57,1.53,1.7,1.43,1.55,1.42,2.15,1.62,1.56,1.69,1.52,2.14,2.15,1.68,1.77,2.06,1.42,1.69,2.16,1.42
AAD17229.pdb,1.56,0.0,0.5,0.65,1.88,0.46,1.88,1.45,1.46,0.84,1.88,0.83,0.58,1.9,0.41,1.88,1.86,0.4,0.41,0.42,0.87,0.86,0.43,0.53,1.05,0.83,0.42,0.84,1.91,0.39,0.44,0.85,0.42,1.89,1.91,0.45,0.98,1.84,0.84,0.86,1.91,0.85
AAK70452.pdb,1.71,0.5,0.0,0.35,1.95,0.56,1.95,1.6,1.62,0.96,1.95,0.95,0.42,1.97,0.53,1.95,1.86,0.5,0.62,0.53,0.97,0.96,0.55,0.64,1.09,0.96,0.57,0.96,1.98,0.51,0.57,0.95,0.65,1.96,1.98,0.61,1.11,1.87,0.97,0.96,1.98,0.97
AAP34322.pdb,1.66,0.65,0.35,0.0,1.95,0.53,1.96,1.63,1.64,1.09,1.96,1.08,0.7,1.98,0.8,1.96,1.89,0.6,0.69,0.79,1.02,1.0,0.63,0.84,1.13,1.08,0.81,1.08,1.99,0.6,0.81,1.0,0.68,1.97,1.99,0.55,1.07,1.9,1.08,1.01,1.99,1.1
ABB96363.pdb,2.12,1.88,1.95,1.95,0.0,1.87,0.11,1.59,1.58,1.73,0.18,1.73,1.89,0.16,1.84,0.12,1.54,1.94,1.84,1.83,1.81,1.84,1.91,1.83,1.99,1.73,1.84,1.73,0.19,1.91,1.85,1.81,1.87,0.19,0.24,1.85,1.8,1.61,1.74,1.84,0.16,1.74
ABF21278.pdb,1.66,0.46,0.56,0.53,1.87,0.0,1.87,1.57,1.59,0.95,1.87,0.93,0.69,1.89,0.58,1.86,1.81,0.57,0.6,0.58,0.76,0.78,0.58,0.54,0.98,0.94,0.56,0.94,1.89,0.55,0.57,0.74,0.59,1.88,1.89,0.31,0.97,1.83,0.95,0.77,1.89,0.96
ACF36396.pdb,2.12,1.88,1.95,1.96,0.11,1.87,0.0,1.59,1.59,1.73,0.17,1.74,1.9,0.12,1.84,0.11,1.54,1.94,1.85,1.83,1.82,1.85,1.92,1.83,1.99,1.73,1.85,1.74,0.15,1.92,1.85,1.82,1.88,0.16,0.23,1.86,1.8,1.62,1.74,1.84,0.14,1.74
ACF93484.pdb,1.64,1.45,1.6,1.63,1.59,1.57,1.59,0.0,0.1,1.38,1.6,1.42,1.55,1.62,1.5,1.61,1.49,1.5,1.48,1.48,1.46,1.45,1.43,1.48,2.05,1.4,1.5,1.39,1.64,1.56,1.52,1.47,1.41,1.62,1.68,1.53,1.59,1.43,1.4,1.48,1.63,1.39
ACF93486.pdb,1.66,1.46,1.62,1.64,1.58,1.59,1.59,0.1,0.0,1.4,1.59,1.43,1.56,1.61,1.51,1.6,1.47,1.51,1.49,1.5,1.49,1.47,1.44,1.49,2.06,1.41,1.52,1.4,1.63,1.57,1.54,1.49,1.43,1.61,1.67,1.55,1.6,1.42,1.41,1.5,1.63,1.4
ACX31973.pdb,1.42,0.84,0.96,1.09,1.73,0.95,1.73,1.38,1.4,0.0,1.74,0.16,0.91,1.76,0.79,1.73,1.74,0.81,0.83,0.81,1.11,1.1,0.78,0.79,1.17,0.13,0.81,0.12,1.76,0.83,0.8,1.09,0.77,1.75,1.77,0.97,1.03,1.71,0.12,1.11,1.77,0.18
ACZ53978.pdb,2.12,1.88,1.95,1.96,0.18,1.87,0.17,1.6,1.59,1.74,0.0,1.74,1.89,0.18,1.84,0.17,1.55,1.93,1.85,1.83,1.82,1.85,1.92,1.83,1.99,1.73,1.84,1.74,0.2,1.91,1.85,1.82,1.88,0.13,0.25,1.85,1.8,1.62,1.74,1.85,0.17,1.74
ADF83650.pdb,1.43,0.83,0.95,1.08,1.73,0.93,1.74,1.42,1.43,0.16,1.74,0.0,0.9,1.76,0.79,1.73,1.75,0.78,0.82,0.8,1.11,1.1,0.76,0.79,1.14,0.14,0.79,0.12,1.76,0.82,0.79,1.09,0.77,1.75,1.76,0.96,1.01,1.73,0.15,1.11,1.77,0.19
ADJ38087.pdb,1.61,0.58,0.42,0.7,1.89,0.69,1.9,1.55,1.56,0.91,1.89,0.9,0.0,1.92,0.42,1.89,1.81,0.47,0.48,0.41,1.02,1.01,0.52,0.55,1.03,0.9,0.44,0.9,1.92,0.49,0.42,0.99,0.56,1.91,1.92,0.7,1.14,1.81,0.91,1.01,1.93,0.9
ADJ41816.pdb,2.14,1.9,1.97,1.98,0.16,1.89,0.12,1.62,1.61,1.76,0.18,1.76,1.92,0.0,1.86,0.14,1.56,1.96,1.87,1.85,1.84,1.87,1.94,1.86,2.01,1.75,1.86,1.76,0.12,1.93,1.87,1.84,1.9,0.14,0.19,1.88,1.82,1.64,1.76,1.87,0.11,1.76
AEH42785.pdb,1.55,0.41,0.53,0.8,1.84,0.58,1.84,1.5,1.51,0.79,1.84,0.79,0.42,1.86,0.0,1.84,1.78,0.32,0.29,0.18,0.95,0.96,0.35,0.38,0.95,0.78,0.17,0.79,1.86,0.28,0.22,0.93,0.39,1.85,1.87,0.6,1.08,1.78,0.8,0.95,1.87,0.78
AEM75523.pdb,2.12,1.88,1.95,1.96,0.12,1.86,0.11,1.61,1.6,1.73,0.17,1.73,1.89,0.14,1.84,0.0,1.54,1.93,1.84,1.83,1.81,1.84,1.91,1.83,1.98,1.73,1.84,1.73,0.15,1.91,1.84,1.81,1.81,0.17,0.21,1.85,1.79,1.61,1.73,1.84,0.14,1.73
AET77666.pdb,2.1,1.86,1.86,1.89,1.54,1.81,1.54,1.49,1.47,1.74,1.55,1.75,1.81,1.56,1.78,1.54,0.0,1.85,1.81,1.8,1.85,1.85,1.83,1.75,1.85,1.72,1.78,1.73,1.56,1.81,1.78,1.84,1.77,1.57,1.57,1.8,1.75,0.84,1.73,1.87,1.57,1.74
AEX33924.pdb,1.6,0.4,0.5,0.6,1.94,0.57,1.94,1.5,1.51,0.81,1.93,0.78,0.47,1.96,0.32,1.93,1.85,0.0,0.49,0.33,1.02,1.01,0.23,0.47,0.95,0.8,0.32,0.8,1.96,0.24,0.34,0.99,0.46,1.95,1.96,0.6,1.12,1.86,0.8,1.01,1.97,0.81
AFC98273.pdb,1.54,0.41,0.62,0.69,1.84,0.6,1.85,1.48,1.49,0.83,1.85,0.82,0.48,1.87,0.29,1.84,1.81,0.49,0.0,0.29,0.84,0.83,0.48,0.41,0.95,0.83,0.28,0.83,1.87,0.45,0.36,0.82,0.45,1.86,1.88,0.61,1.03,1.8,0.83,0.84,1.88,0.84
AFL56810.pdb,1.55,0.42,0.53,0.79,1.83,0.58,1.83,1.48,1.5,0.81,1.83,0.8,0.41,1.85,0.18,1.83,1.8,0.33,0.29,0.0,0.92,0.92,0.36,0.42,0.97,0.81,0.21,0.81,1.86,0.31,0.28,0.89,0.4,1.84,1.86,0.57,1.07,1.79,0.81,0.91,1.86,0.8
AFM46517.pdb,1.7,0.87,0.97,1.02,1.81,0.76,1.82,1.46,1.49,1.11,1.82,1.11,1.02,1.84,0.95,1.81,1.85,1.02,0.84,0.92,0.0,0.2,0.99,0.94,1.29,1.12,0.92,1.11,1.84,0.97,0.95,0.14,0.95,1.83,1.86,0.7,0.98,1.82,1.11,0.13,1.85,1.12
AFM46639.pdb,1.67,0.86,0.96,1.0,1.84,0.78,1.85,1.45,1.47,1.1,1.85,1.1,1.01,1.87,0.96,1.84,1.85,1.01,0.83,0.92,0.2,0.0,0.98,0.93,1.29,1.11,0.93,1.1,1.88,0.95,0.96,0.17,0.93,1.86,1.89,0.71,0.97,1.83,1.1,0.15,1.88,1.11
AFM46643.pdb,1.57,0.43,0.55,0.63,1.91,0.58,1.92,1.43,1.44,0.78,1.92,0.76,0.52,1.94,0.35,1.91,1.83,0.23,0.48,0.36,0.99,0.98,0.0,0.5,0.99,0.77,0.36,0.77,1.94,0.28,0.41,0.96,0.45,1.93,1.95,0.6,1.15,1.86,0.78,0.99,1.95,0.79
AFM93986.pdb,1.53,0.53,0.64,0.84,1.83,0.54,1.83,1.48,1.49,0.79,1.83,0.79,0.55,1.86,0.38,1.83,1.75,0.47,0.41,0.42,0.94,0.93,0.5,0.0,0.85,0.79,0.36,0.79,1.86,0.46,0.33,0.92,0.41,1.85,1.87,0.63,1.06,1.73,0.8,0.93,1.86,0.79
AGA19337.pdb,1.7,1.05,1.09,1.13,1.99,0.98,1.99,2.05,2.06,1.17,1.99,1.14,1.03,2.01,0.95,1.98,1.85,0.95,0.95,0.97,1.29,1.29,0.99,0.85,0.0,1.16,0.91,1.16,2.0,0.97,0.93,1.25,0.93,2.0,2.0,1.07,1.23,1.89,1.16,1.28,2.01,1.17
AGB84799.pdb,1.43,0.83,0.96,1.08,1.73,0.94,1.73,1.4,1.41,0.13,1.73,0.14,0.9,1.75,0.78,1.73,1.72,0.8,0.83,0.81,1.12,1.11,0.77,0.79,1.16,0.0,0.79,0.1,1.75,0.81,0.79,1.09,0.77,1.75,1.76,0.96,1.02,1.71,0.12,1.12,1.76,0.16
AGB84833.pdb,1.55,0.42,0.57,0.81,1.84,0.56,1.85,1.5,1.52,0.81,1.84,0.79,0.44,1.86,0.17,1.84,1.78,0.32,0.28,0.21,0.92,0.93,0.36,0.36,0.91,0.79,0.0,0.8,1.86,0.27,0.18,0.9,0.4,1.86,1.87,0.57,1.08,1.78,0.8,0.92,1.87,0.8
AGH25310.pdb,1.42,0.84,0.96,1.08,1.73,0.94,1.74,1.39,1.4,0.12,1.74,0.12,0.9,1.76,0.79,1.73,1.73,0.8,0.83,0.81,1.11,1.1,0.77,0.79,1.16,0.1,0.8,0.0,1.76,0.82,0.8,1.09,0.77,1.76,1.77,0.97,1.02,1.71,0.1,1.11,1.77,0.16
AGI02552.pdb,2.15,1.91,1.98,1.99,0.19,1.89,0.15,1.64,1.63,1.76,0.2,1.76,1.92,0.12,1.86,0.15,1.56,1.96,1.87,1.86,1.84,1.88,1.94,1.86,2.0,1.75,1.86,1.76,0.0,1.94,1.87,1.84,1.9,0.18,0.17,1.88,1.82,1.64,1.76,1.87,0.11,1.76
AGI55453.pdb,1.62,0.39,0.51,0.6,1.91,0.55,1.92,1.56,1.57,0.83,1.91,0.82,0.49,1.93,0.28,1.91,1.81,0.24,0.45,0.31,0.97,0.95,0.28,0.46,0.97,0.81,0.27,0.82,1.94,0.0,0.33,0.94,0.46,1.92,1.94,0.54,1.1,1.83,0.83,0.96,1.94,0.84
AGL04214.pdb,1.56,0.44,0.57,0.81,1.85,0.57,1.85,1.52,1.54,0.8,1.85,0.79,0.42,1.87,0.22,1.84,1.78,0.34,0.36,0.28,0.95,0.96,0.41,0.33,0.93,0.79,0.18,0.8,1.87,0.33,0.0,0.93,0.4,1.87,1.88,0.6,1.07,1.77,0.8,0.95,1.88,0.79
AGL05056.pdb,1.69,0.85,0.95,1.0,1.81,0.74,1.82,1.47,1.49,1.09,1.82,1.09,0.99,1.84,0.93,1.81,1.84,0.99,0.82,0.89,0.14,0.17,0.96,0.92,1.25,1.09,0.9,1.09,1.84,0.94,0.93,0.0,0.92,1.83,1.86,0.69,0.96,1.82,1.09,0.11,1.85,1.1
AGO00337.pdb,1.52,0.42,0.65,0.68,1.87,0.59,1.88,1.41,1.43,0.77,1.88,0.77,0.56,1.9,0.39,1.81,1.77,0.46,0.45,0.4,0.95,0.93,0.45,0.41,0.93,0.77,0.4,0.77,1.9,0.46,0.4,0.92,0.0,1.89,1.91,0.61,1.1,1.77,0.77,0.94,1.91,0.76
AGZ60571.pdb,2.14,1.89,1.96,1.97,0.19,1.88,0.16,1.62,1.61,1.75,0.13,1.75,1.91,0.14,1.85,0.17,1.57,1.95,1.86,1.84,1.83,1.86,1.93,1.85,2.0,1.75,1.86,1.76,0.18,1.92,1.87,1.83,1.89,0.0,0.24,1.87,1.82,1.64,1.76,1.86,0.14,1.76
AHB22615.pdb,2.15,1.91,1.98,1.99,0.24,1.89,0.23,1.68,1.67,1.77,0.25,1.76,1.92,0.19,1.87,0.21,1.57,1.96,1.88,1.86,1.86,1.89,1.95,1.87,2.0,1.76,1.87,1.77,0.17,1.94,1.88,1.86,1.91,0.24,0.0,1.89,1.83,1.65,1.77,1.89,0.19,1.77
AHD25285.pdb,1.68,0.45,0.61,0.55,1.85,0.31,1.86,1.53,1.55,0.97,1.85,0.96,0.7,1.88,0.6,1.85,1.8,0.6,0.61,0.57,0.7,0.71,0.6,0.63,1.07,0.96,0.57,0.97,1.88,0.54,0.6,0.69,0.61,1.87,1.89,0.0,0.93,1.81,0.97,0.7,1.88,0.98
AHN96842.pdb,1.77,0.98,1.11,1.07,1.8,0.97,1.8,1.59,1.6,1.03,1.8,1.01,1.14,1.82,1.08,1.79,1.75,1.12,1.03,1.07,0.98,0.97,1.15,1.06,1.23,1.02,1.08,1.02,1.82,1.1,1.07,0.96,1.1,1.82,1.83,0.93,0.0,1.78,1.02,0.98,1.83,1.04
AHN97094.pdb,2.06,1.84,1.87,1.9,1.61,1.83,1.62,1.43,1.42,1.71,1.62,1.73,1.81,1.64,1.78,1.61,0.84,1.86,1.8,1.79,1.82,1.83,1.86,1.73,1.89,1.71,1.78,1.71,1.64,1.83,1.77,1.82,1.77,1.64,1.65,1.81,1.78,0.0,1.71,1.85,1.65,1.72
AHY95115.pdb,1.42,0.84,0.97,1.08,1.74,0.95,1.74,1.4,1.41,0.12,1.74,0.15,0.91,1.76,0.8,1.73,1.73,0.8,0.83,0.81,1.11,1.1,0.78,0.8,1.16,0.12,0.8,0.1,1.76,0.83,0.8,1.09,0.77,1.76,1.77,0.97,1.02,1.71,0.0,1.11,1.77,0.18
AIC73740.pdb,1.69,0.86,0.96,1.01,1.84,0.77,1.84,1.48,1.5,1.11,1.85,1.11,1.01,1.87,0.95,1.84,1.87,1.01,0.84,0.91,0.13,0.15,0.99,0.93,1.28,1.12,0.92,1.11,1.87,0.96,0.95,0.11,0.94,1.86,1.89,0.7,0.98,1.85,1.11,0.0,1.88,1.12
CAA29337.pdb,2.16,1.91,1.98,1.99,0.16,1.89,0.14,1.63,1.63,1.77,0.17,1.77,1.93,0.11,1.87,0.14,1.57,1.97,1.88,1.86,1.85,1.88,1.95,1.86,2.01,1.76,1.87,1.77,0.11,1.94,1.88,1.85,1.91,0.14,0.19,1.88,1.83,1.65,1.77,1.88,0.0,1.77
CY077110.pdb,1.42,0.85,0.97,1.1,1.74,0.96,1.74,1.39,1.4,0.18,1.74,0.19,0.9,1.76,0.78,1.73,1.74,0.81,0.84,0.8,1.12,1.11,0.79,0.79,1.17,0.16,0.8,0.16,1.76,0.84,0.79,1.1,0.76,1.76,1.77,0.98,1.04,1.72,0.18,1.12,1.77,0.0
