p_id,1eo8,1ha0,1hgd,1hge,1hgf,1hgg,1hgh,1hgi,1hgj,1jsd,1jsh,1jsi,1jsm,1jsn,1jso,1ken,1mql,1mqm,1mqn,1qfu,1rd8,1ru7,1rvt,1rvx,1rvz,1ti8,2fk0,2hmg,2ibx,2rft,2rfu,2viu,2wr0,2wr1,2wr2,2wr3,2wr4,2wr5,2wr7,2wrb,2wrc,2wrd,2wre,2wrf,2wrg,2wrh,2yp2,2yp3,2yp4,2yp5,2yp7,2yp8,2yp9,2ypg,3al4,3bt6,3eyj,3eyk,3eym,3fku,3gbm,3gbn,3hmg,3hto,3htp,3htq,3htt,3ku3,3ku5,3ku6,3lzf,3lzg,3m5g,3m5h,3m5i,3m5j,3m6s,3mlh,3qqb,3qqe,3qqi,3qqo,3r2x,3s11,3s12,3s13,3sdy,3sm5,3ube,3ubj,3ubn,3ubq,3uyw,3uyx,3vun,3znk,3znl,3znm,3zp0,3zp1,3zp2,3zp3,3zp6,3zpb,3ztj,4bgw,4bgx,4bgy,4bgz,4bh0,4bh1,4bh2,4bh3,4bh4,4bsa,4bsb,4bsc,4bsd,4bse,4bsf,4bsg,4bsh,4bsi,4cqp,4cqq,4cqr,4cqs,4cqt,4cqu,4cqv,4cqw,4cqx,4cqy,4cqz,4cr0,4cyv,4cyw,4cyz,4cz0,4d00,4dj6,4dj7,4dj8,4eda,4edb,4eef,4f15,4f23,4f3z,4fiu,4fnk,4fp8,4fqi,4fqj,4fqk,4fqm,4fqr,4fqv,4fqy,4gms,4gxu,4gxx,4h32,4hf5,4hfu,4hg4,4hlz,4hmg,4i78,4jtv,4jtx,4ju0,4jug,4juh,4juj,4juk,4jul,4jum,4jun,4k62,4k63,4k64,4k65,4k66,4k67,4kdm,4kdn,4kdo,4kdq,4kon,4kpq,4kps,4kth,4kvn,4kw1,4kwm,4lcx,4lkg,4lkh,4lki,4lkj,4lkk,4ln3,4ln4,4ln6,4ln8,4lvh,4lxv,4m40,4m44,4m4y,4m5z,4mc5,4mhi,4mhj,4n5j,4n5k,4n5y,4n5z,4n60,4n61,4n62,4n63,4n64,4nm8,4nrj,4nrk,4nrl,4o58,4o5i,4o5n,4py8,4qy0,4qy1,4qy2,4unx,4uny,4unz,4uo0,4uo1,4uo2,4uo3,4uo4,4uo5,4uo6,4uo7,4uo8,4uo9,4uoa,4wa1,4wa2,5hmg,reference
1eo8,0.0,0.42,0.32,0.32,0.33,0.32,0.33,0.33,0.33,1.64,1.65,1.66,1.5,1.54,1.51,0.49,0.44,0.42,0.42,0.34,1.89,1.64,1.74,1.65,1.64,1.66,1.74,0.34,1.51,2.68,2.67,0.35,1.72,1.75,1.75,2.21,2.22,2.3,2.16,1.75,1.74,1.73,2.25,1.78,1.85,1.84,0.63,0.58,0.57,0.58,0.64,0.63,0.63,0.32,1.77,2.67,0.79,0.84,0.38,1.55,1.54,1.77,0.34,1.73,1.75,1.74,1.74,2.08,2.09,2.09,1.71,1.95,1.68,1.65,1.69,1.69,1.83,2.06,2.08,2.08,2.13,2.42,1.74,1.56,0.77,1.54,0.53,1.82,1.88,1.85,1.88,1.76,1.8,1.92,0.43,1.54,1.53,1.52,1.53,1.52,1.54,1.53,1.53,1.53,0.45,1.51,1.53,1.52,1.52,1.51,1.54,1.71,1.72,1.71,1.47,1.51,1.51,1.48,1.5,1.49,1.46,1.47,1.53,1.54,1.55,1.54,1.54,1.55,1.54,1.52,1.52,1.52,1.52,1.52,1.57,1.58,1.61,1.59,1.62,1.59,1.49,1.54,1.5,1.85,1.87,1.78,1.97,1.77,1.04,1.77,0.32,0.41,1.53,2.65,2.69,2.69,0.33,1.58,0.32,0.38,1.68,1.79,1.9,2.14,2.19,2.05,2.04,0.34,2.08,1.73,1.75,1.78,1.7,1.65,1.67,1.54,1.57,1.55,1.57,1.56,1.57,1.55,1.54,1.57,1.56,1.68,1.72,1.69,1.55,1.5,1.73,1.73,1.72,0.72,1.72,1.69,1.59,1.56,1.56,1.5,1.5,1.49,1.52,1.5,1.54,1.56,1.99,1.8,2.65,2.65,1.76,0.77,2.06,1.55,1.55,1.7,1.71,1.65,1.65,1.72,1.69,1.68,1.66,1.7,0.35,2.69,2.7,2.68,0.4,0.58,0.55,1.76,1.62,1.59,1.62,0.54,0.45,0.47,0.44,0.54,0.49,0.43,0.51,0.53,0.55,0.54,0.56,0.57,0.54,0.44,0.44,0.34,1.83
1ha0,0.42,0.0,0.39,0.4,0.39,0.4,0.4,0.4,0.39,1.62,1.62,1.63,1.52,1.55,1.52,0.51,0.49,0.46,0.46,0.46,1.87,1.64,1.73,1.65,1.64,1.65,1.75,0.4,1.52,2.71,2.7,0.4,1.76,1.78,1.79,2.19,2.19,2.27,2.21,1.79,1.78,1.76,2.24,1.82,1.83,1.83,0.69,0.64,0.64,0.64,0.69,0.69,0.68,0.41,1.76,2.7,0.86,0.89,0.42,1.58,1.56,1.76,0.4,1.71,1.73,1.72,1.72,2.1,2.11,2.1,1.69,1.94,1.67,1.65,1.71,1.69,1.82,2.08,2.1,2.1,2.14,2.43,1.74,1.59,0.74,1.57,0.56,1.84,1.86,1.83,1.87,1.74,1.8,1.93,0.49,1.56,1.55,1.55,1.54,1.54,1.57,1.56,1.55,1.55,0.47,1.53,1.55,1.54,1.54,1.53,1.57,1.72,1.74,1.73,1.52,1.55,1.54,1.52,1.54,1.52,1.49,1.5,1.56,1.56,1.58,1.57,1.57,1.58,1.57,1.56,1.55,1.55,1.55,1.54,1.6,1.62,1.65,1.63,1.67,1.63,1.53,1.57,1.53,1.84,1.89,1.76,1.98,1.81,1.13,1.81,0.38,0.49,1.56,2.68,2.75,2.75,0.39,1.6,0.38,0.47,1.66,1.77,1.94,2.11,2.21,2.06,2.05,0.41,2.15,1.73,1.75,1.77,1.68,1.64,1.67,1.57,1.6,1.57,1.6,1.59,1.6,1.57,1.57,1.59,1.58,1.7,1.74,1.72,1.57,1.52,1.76,1.76,1.75,0.76,1.73,1.73,1.61,1.58,1.58,1.53,1.52,1.51,1.54,1.53,1.56,1.58,2.0,1.79,2.68,2.68,1.76,0.74,2.09,1.57,1.57,1.71,1.72,1.68,1.68,1.73,1.7,1.69,1.67,1.7,0.42,2.72,2.73,2.72,0.5,0.62,0.6,1.75,1.66,1.63,1.65,0.63,0.55,0.56,0.55,0.67,0.62,0.52,0.59,0.61,0.63,0.64,0.63,0.65,0.62,0.52,0.53,0.4,1.82
1hgd,0.32,0.39,0.0,0.06,0.13,0.12,0.12,0.12,0.08,1.6,1.61,1.61,1.5,1.53,1.5,0.44,0.38,0.36,0.36,0.31,1.84,1.61,1.7,1.62,1.61,1.65,1.72,0.18,1.49,2.68,2.67,0.23,1.73,1.75,1.75,2.14,2.16,2.23,2.16,1.75,1.74,1.72,2.17,1.79,1.8,1.79,0.61,0.55,0.54,0.55,0.62,0.61,0.61,0.27,1.73,2.68,0.79,0.82,0.32,1.54,1.53,1.73,0.21,1.68,1.69,1.69,1.68,2.16,2.14,2.17,1.66,1.93,1.64,1.62,1.67,1.66,1.78,2.04,2.16,2.15,2.18,2.46,1.7,1.54,1.11,1.53,0.46,1.81,1.86,1.82,1.86,1.72,1.78,1.9,0.36,1.53,1.52,1.52,1.51,1.51,1.53,1.52,1.52,1.52,0.39,1.5,1.52,1.51,1.51,1.5,1.53,1.68,1.7,1.68,1.47,1.5,1.5,1.47,1.49,1.48,1.45,1.46,1.52,1.53,1.54,1.53,1.54,1.54,1.53,1.52,1.51,1.52,1.52,1.51,1.56,1.57,1.59,1.57,1.6,1.57,1.48,1.52,1.49,1.81,1.85,1.73,1.93,1.78,0.7,1.78,0.26,0.35,1.53,2.66,2.72,2.72,0.27,1.56,0.26,0.36,1.63,1.75,1.88,2.16,2.21,2.13,2.1,0.2,2.05,1.7,1.72,1.74,1.65,1.61,1.63,1.53,1.57,1.54,1.56,1.56,1.57,1.54,1.54,1.56,1.55,1.65,1.7,1.67,1.54,1.49,1.73,1.72,1.71,0.68,1.69,1.69,1.58,1.55,1.55,1.49,1.49,1.48,1.51,1.5,1.52,1.54,1.97,1.76,2.66,2.66,1.73,0.63,2.04,1.54,1.54,1.69,1.7,1.64,1.63,1.71,1.67,1.67,1.65,1.68,0.29,2.69,2.7,2.69,0.42,0.53,0.51,1.73,1.61,1.57,1.6,0.5,0.41,0.43,0.4,0.51,0.46,0.37,0.48,0.48,0.51,0.51,0.51,0.55,0.52,0.38,0.4,0.22,1.78
1hge,0.32,0.4,0.06,0.0,0.13,0.11,0.1,0.1,0.09,1.6,1.61,1.61,1.5,1.53,1.5,0.43,0.37,0.36,0.36,0.31,1.83,1.61,1.7,1.62,1.6,1.65,1.72,0.19,1.49,2.68,2.67,0.23,1.72,1.75,1.75,2.14,2.15,2.23,2.16,1.75,1.74,1.72,2.17,1.79,1.8,1.78,0.62,0.56,0.55,0.56,0.63,0.62,0.61,0.27,1.73,2.68,0.8,0.82,0.33,1.54,1.53,1.72,0.22,1.68,1.69,1.69,1.68,2.14,2.15,2.17,1.66,1.93,1.64,1.62,1.67,1.66,1.78,2.04,2.17,2.15,2.19,2.47,1.7,1.54,1.11,1.53,0.45,1.81,1.86,1.82,1.86,1.81,1.78,1.89,0.36,1.53,1.52,1.51,1.51,1.51,1.53,1.52,1.52,1.52,0.39,1.5,1.52,1.51,1.51,1.5,1.53,1.68,1.69,1.68,1.47,1.5,1.49,1.47,1.49,1.48,1.45,1.46,1.52,1.53,1.54,1.53,1.54,1.54,1.53,1.52,1.51,1.52,1.52,1.51,1.56,1.57,1.58,1.57,1.6,1.57,1.48,1.52,1.49,1.81,1.85,1.73,1.94,1.78,0.7,1.78,0.26,0.34,1.53,2.66,2.71,2.71,0.27,1.57,0.26,0.36,1.63,1.75,1.87,2.17,2.21,2.13,2.11,0.2,2.05,1.7,1.72,1.74,1.65,1.61,1.63,1.53,1.57,1.54,1.56,1.56,1.57,1.54,1.54,1.56,1.55,1.65,1.7,1.67,1.54,1.49,1.73,1.72,1.71,0.69,1.69,1.69,1.59,1.55,1.55,1.49,1.49,1.48,1.51,1.5,1.52,1.54,1.97,1.76,2.66,2.65,1.73,0.63,2.04,1.55,1.55,1.69,1.7,1.64,1.63,1.71,1.68,1.67,1.65,1.69,0.29,2.69,2.7,2.69,0.41,0.54,0.52,1.72,1.61,1.57,1.6,0.5,0.41,0.43,0.39,0.5,0.45,0.37,0.48,0.48,0.5,0.5,0.51,0.55,0.53,0.39,0.4,0.22,1.79
1hgf,0.33,0.39,0.13,0.13,0.0,0.14,0.14,0.14,0.12,1.6,1.61,1.62,1.51,1.54,1.51,0.44,0.37,0.36,0.36,0.32,1.85,1.62,1.72,1.64,1.62,1.65,1.73,0.18,1.5,2.7,2.69,0.25,1.73,1.75,1.76,2.14,2.16,2.29,2.17,1.76,1.74,1.73,2.17,1.79,1.81,1.8,0.62,0.56,0.55,0.56,0.63,0.62,0.61,0.28,1.74,2.7,0.8,0.83,0.32,1.55,1.53,1.74,0.2,1.69,1.71,1.71,1.7,2.16,2.15,2.17,1.68,1.94,1.65,1.62,1.67,1.66,1.79,2.06,2.17,2.16,2.2,2.43,1.72,1.55,1.12,1.54,0.46,1.83,1.87,1.84,1.87,1.82,1.79,1.91,0.36,1.54,1.53,1.53,1.52,1.52,1.54,1.53,1.53,1.52,0.4,1.51,1.53,1.52,1.52,1.51,1.54,1.69,1.7,1.69,1.48,1.51,1.5,1.48,1.5,1.49,1.46,1.47,1.52,1.54,1.55,1.54,1.55,1.55,1.54,1.54,1.52,1.53,1.53,1.52,1.58,1.58,1.59,1.58,1.61,1.59,1.49,1.53,1.49,1.82,1.86,1.75,1.95,1.78,0.71,1.78,0.27,0.35,1.54,2.68,2.73,2.73,0.29,1.57,0.27,0.37,1.65,1.76,1.88,2.17,2.21,2.12,2.11,0.21,2.07,1.71,1.73,1.75,1.67,1.62,1.65,1.54,1.58,1.55,1.57,1.57,1.58,1.55,1.55,1.57,1.56,1.66,1.71,1.68,1.55,1.49,1.73,1.72,1.72,0.69,1.7,1.7,1.59,1.55,1.55,1.5,1.49,1.48,1.51,1.5,1.53,1.54,1.98,1.77,2.68,2.67,1.74,0.65,2.06,1.55,1.55,1.69,1.7,1.65,1.64,1.71,1.68,1.67,1.65,1.69,0.3,2.71,2.71,2.71,0.42,0.55,0.52,1.74,1.62,1.58,1.61,0.52,0.43,0.45,0.41,0.52,0.46,0.38,0.48,0.48,0.52,0.51,0.52,0.56,0.53,0.4,0.42,0.22,1.8
1hgg,0.32,0.4,0.12,0.11,0.14,0.0,0.11,0.12,0.11,1.61,1.62,1.62,1.51,1.54,1.51,0.44,0.37,0.35,0.35,0.32,1.85,1.63,1.72,1.64,1.62,1.66,1.74,0.2,1.51,2.7,2.69,0.25,1.73,1.75,1.76,2.2,2.15,2.23,2.16,1.76,1.74,1.73,2.17,1.79,1.81,1.8,0.64,0.57,0.56,0.58,0.65,0.64,0.63,0.28,1.74,2.69,0.8,0.83,0.34,1.56,1.54,1.75,0.21,1.7,1.71,1.71,1.7,2.17,2.16,2.18,1.68,1.94,1.66,1.63,1.69,1.68,1.79,2.06,2.15,2.17,2.19,2.44,1.72,1.56,1.12,1.54,0.48,1.82,1.87,1.84,1.87,1.83,1.79,1.91,0.39,1.54,1.53,1.53,1.53,1.53,1.55,1.53,1.53,1.53,0.4,1.52,1.53,1.52,1.53,1.52,1.54,1.69,1.71,1.69,1.48,1.52,1.51,1.48,1.5,1.49,1.47,1.48,1.53,1.54,1.56,1.55,1.55,1.56,1.55,1.54,1.53,1.53,1.53,1.52,1.58,1.58,1.6,1.58,1.62,1.59,1.5,1.53,1.5,1.82,1.86,1.75,1.95,1.79,0.72,1.79,0.29,0.37,1.54,2.68,2.73,2.73,0.3,1.58,0.29,0.38,1.65,1.76,1.89,2.18,2.21,2.13,2.12,0.2,2.07,1.71,1.73,1.75,1.67,1.63,1.65,1.55,1.58,1.56,1.58,1.57,1.58,1.55,1.56,1.58,1.57,1.66,1.71,1.68,1.56,1.5,1.74,1.73,1.72,0.71,1.71,1.7,1.6,1.56,1.56,1.5,1.5,1.49,1.52,1.51,1.54,1.55,1.99,1.78,2.68,2.67,1.75,0.65,2.06,1.56,1.56,1.7,1.71,1.65,1.65,1.72,1.69,1.68,1.66,1.7,0.31,2.71,2.72,2.71,0.42,0.57,0.55,1.74,1.63,1.59,1.62,0.51,0.42,0.43,0.41,0.52,0.46,0.39,0.49,0.49,0.52,0.52,0.52,0.57,0.55,0.4,0.41,0.22,1.8
1hgh,0.33,0.4,0.12,0.1,0.14,0.11,0.0,0.09,0.1,1.6,1.61,1.61,1.5,1.54,1.51,0.44,0.36,0.35,0.35,0.33,1.84,1.62,1.71,1.63,1.61,1.65,1.73,0.2,1.5,2.7,2.69,0.24,1.73,1.75,1.76,2.14,2.15,2.24,2.16,1.76,1.74,1.73,2.17,1.79,1.8,1.79,0.63,0.57,0.56,0.57,0.64,0.63,0.62,0.27,1.74,2.69,0.81,0.84,0.33,1.55,1.53,1.73,0.22,1.69,1.7,1.7,1.69,2.16,2.17,2.19,1.67,1.93,1.65,1.62,1.67,1.66,1.78,2.05,2.16,2.18,2.21,2.45,1.71,1.55,1.12,1.54,0.46,1.82,1.86,1.83,1.86,1.82,1.79,1.91,0.37,1.53,1.53,1.52,1.52,1.52,1.54,1.52,1.53,1.53,0.4,1.51,1.53,1.51,1.52,1.51,1.54,1.69,1.7,1.69,1.47,1.51,1.5,1.48,1.5,1.49,1.46,1.47,1.52,1.54,1.55,1.54,1.55,1.55,1.54,1.53,1.52,1.53,1.53,1.52,1.57,1.58,1.59,1.58,1.61,1.59,1.49,1.53,1.49,1.81,1.85,1.74,1.95,1.79,0.72,1.78,0.28,0.35,1.54,2.68,2.73,2.73,0.29,1.57,0.28,0.38,1.64,1.75,1.89,2.2,2.2,2.14,2.13,0.21,2.07,1.7,1.73,1.74,1.66,1.62,1.64,1.54,1.58,1.55,1.57,1.57,1.58,1.55,1.55,1.57,1.56,1.66,1.7,1.68,1.55,1.49,1.73,1.73,1.72,0.7,1.7,1.7,1.59,1.56,1.55,1.5,1.49,1.48,1.52,1.5,1.53,1.54,1.98,1.77,2.68,2.67,1.74,0.65,2.06,1.55,1.55,1.7,1.7,1.64,1.64,1.72,1.68,1.67,1.66,1.69,0.3,2.71,2.72,2.71,0.42,0.55,0.53,1.73,1.62,1.58,1.61,0.5,0.42,0.44,0.41,0.52,0.46,0.38,0.49,0.49,0.51,0.52,0.51,0.56,0.54,0.41,0.42,0.23,1.79
1hgi,0.33,0.4,0.12,0.1,0.14,0.12,0.09,0.0,0.1,1.6,1.61,1.62,1.5,1.53,1.5,0.44,0.37,0.36,0.36,0.31,1.84,1.62,1.71,1.63,1.62,1.66,1.73,0.22,1.5,2.7,2.69,0.24,1.73,1.75,1.76,2.14,2.15,2.24,2.16,1.75,1.74,1.72,2.17,1.79,1.81,1.8,0.62,0.57,0.56,0.56,0.63,0.63,0.62,0.26,1.74,2.69,0.82,0.85,0.32,1.54,1.53,1.73,0.23,1.69,1.71,1.71,1.69,2.17,2.15,2.18,1.67,1.94,1.65,1.63,1.67,1.67,1.79,2.05,2.17,2.16,2.19,2.46,1.71,1.55,1.12,1.54,0.45,1.82,1.86,1.83,1.87,1.82,1.79,1.91,0.37,1.53,1.52,1.52,1.52,1.52,1.53,1.52,1.52,1.52,0.4,1.5,1.52,1.51,1.52,1.51,1.53,1.69,1.7,1.69,1.47,1.51,1.5,1.48,1.5,1.49,1.46,1.47,1.52,1.54,1.55,1.54,1.54,1.55,1.54,1.53,1.52,1.52,1.52,1.51,1.57,1.58,1.6,1.58,1.62,1.59,1.49,1.53,1.49,1.82,1.86,1.74,1.95,1.79,0.71,1.78,0.28,0.35,1.53,2.68,2.73,2.73,0.29,1.58,0.28,0.36,1.64,1.76,1.88,2.18,2.22,2.13,2.12,0.22,2.06,1.71,1.73,1.75,1.66,1.62,1.64,1.54,1.58,1.55,1.57,1.56,1.57,1.55,1.54,1.57,1.56,1.66,1.7,1.68,1.55,1.49,1.74,1.73,1.72,0.69,1.7,1.69,1.59,1.55,1.55,1.49,1.49,1.48,1.51,1.5,1.53,1.54,1.98,1.77,2.67,2.67,1.74,0.62,2.06,1.55,1.55,1.71,1.71,1.64,1.64,1.72,1.69,1.68,1.66,1.7,0.3,2.71,2.72,2.71,0.41,0.55,0.52,1.73,1.62,1.58,1.61,0.5,0.42,0.44,0.41,0.52,0.47,0.38,0.48,0.49,0.52,0.51,0.52,0.55,0.54,0.41,0.42,0.23,1.8
1hgj,0.33,0.39,0.08,0.09,0.12,0.11,0.1,0.1,0.0,1.6,1.61,1.61,1.5,1.53,1.5,0.44,0.38,0.37,0.37,0.32,1.85,1.62,1.71,1.63,1.62,1.65,1.73,0.19,1.49,2.68,2.68,0.24,1.73,1.75,1.75,2.14,2.16,2.23,2.16,1.76,1.74,1.72,2.17,1.79,1.81,1.79,0.61,0.56,0.55,0.56,0.62,0.62,0.61,0.28,1.74,2.68,0.82,0.85,0.32,1.55,1.53,1.73,0.21,1.69,1.7,1.7,1.69,2.13,2.14,2.17,1.67,1.93,1.64,1.62,1.66,1.66,1.79,2.05,2.16,2.15,2.18,2.46,1.71,1.55,1.12,1.54,0.45,1.82,1.86,1.83,1.87,1.82,1.78,1.91,0.36,1.53,1.52,1.52,1.51,1.52,1.53,1.52,1.52,1.52,0.4,1.5,1.52,1.51,1.52,1.51,1.54,1.68,1.7,1.68,1.47,1.5,1.5,1.48,1.49,1.48,1.45,1.46,1.52,1.53,1.55,1.54,1.54,1.55,1.54,1.53,1.52,1.52,1.52,1.51,1.57,1.57,1.59,1.57,1.61,1.58,1.49,1.52,1.49,1.82,1.85,1.74,1.94,1.78,0.71,1.78,0.27,0.34,1.53,2.67,2.72,2.72,0.28,1.56,0.27,0.36,1.64,1.75,1.89,2.16,2.21,2.12,2.1,0.2,2.06,1.71,1.73,1.75,1.66,1.62,1.64,1.54,1.57,1.54,1.57,1.56,1.57,1.55,1.54,1.57,1.56,1.65,1.7,1.67,1.55,1.49,1.73,1.72,1.72,0.68,1.69,1.7,1.58,1.55,1.54,1.49,1.49,1.48,1.51,1.5,1.52,1.54,1.98,1.77,2.67,2.66,1.74,0.63,2.05,1.55,1.55,1.69,1.69,1.64,1.64,1.71,1.67,1.66,1.65,1.68,0.29,2.7,2.71,2.7,0.42,0.54,0.52,1.73,1.61,1.57,1.6,0.51,0.43,0.45,0.42,0.53,0.48,0.39,0.48,0.5,0.53,0.52,0.53,0.56,0.54,0.4,0.43,0.22,1.79
1jsd,1.64,1.62,1.6,1.6,1.6,1.61,1.6,1.6,1.6,0.0,0.14,0.17,1.23,1.29,1.23,1.63,1.58,1.58,1.57,1.62,1.48,0.97,1.11,1.0,0.97,1.75,1.52,1.61,1.25,2.55,2.71,1.61,1.61,1.48,1.48,1.7,1.71,1.81,1.75,1.54,1.55,1.57,1.83,1.6,1.34,1.36,1.61,1.63,1.63,1.61,1.62,1.62,1.61,1.58,1.29,2.59,1.64,1.66,1.57,1.31,1.3,1.16,1.61,1.2,1.26,1.22,1.27,1.5,1.51,1.5,1.09,1.28,1.73,1.78,1.58,1.73,1.35,1.85,1.49,1.49,1.6,1.83,1.1,1.26,0.76,1.27,1.59,1.4,1.2,1.2,1.21,1.19,1.63,1.59,1.61,1.29,1.29,1.27,1.26,1.25,1.26,1.25,1.23,1.27,1.58,1.26,1.26,1.26,1.2,1.19,1.24,1.56,1.55,1.55,1.49,1.49,1.49,1.49,1.49,1.48,1.43,1.44,1.45,1.27,1.28,1.26,1.26,1.28,1.26,1.19,1.27,1.24,1.24,1.27,1.24,1.32,1.46,1.32,1.38,1.32,1.42,1.47,1.42,1.46,1.5,1.09,1.93,1.53,1.45,1.53,1.59,1.63,1.28,2.73,2.56,2.56,1.6,1.56,1.59,1.64,1.14,1.07,1.82,1.49,1.99,1.48,1.49,1.6,1.77,1.27,1.27,1.31,1.13,1.13,1.07,1.16,1.26,1.24,1.32,1.23,1.29,1.25,1.21,1.21,1.2,1.56,1.47,1.45,1.23,1.46,1.5,1.48,1.39,1.66,1.56,1.28,1.45,1.47,1.49,1.45,1.46,1.42,1.46,1.46,1.42,1.47,1.96,1.33,2.66,2.74,1.35,0.4,1.69,1.25,1.25,1.63,1.61,1.27,1.27,1.62,1.62,1.62,1.61,1.61,1.6,2.58,2.58,2.57,1.6,1.58,1.59,1.13,1.43,1.32,1.32,1.63,1.6,1.61,1.65,1.7,1.67,1.62,1.64,1.65,1.67,1.67,1.68,1.63,1.63,1.61,1.57,1.6,1.46
1jsh,1.65,1.62,1.61,1.61,1.61,1.62,1.61,1.61,1.61,0.14,0.0,0.11,1.24,1.29,1.24,1.64,1.59,1.59,1.59,1.63,1.48,0.97,1.11,0.99,0.97,1.75,1.52,1.62,1.25,2.55,2.72,1.62,1.61,1.48,1.49,1.7,1.71,1.81,1.75,1.55,1.55,1.56,1.83,1.6,1.34,1.36,1.63,1.64,1.64,1.63,1.64,1.64,1.63,1.59,1.29,2.6,1.64,1.66,1.58,1.32,1.3,1.16,1.62,1.19,1.25,1.21,1.26,1.5,1.51,1.5,1.08,1.28,1.73,1.78,1.58,1.73,1.35,1.85,1.49,1.48,1.6,1.83,1.09,1.26,0.78,1.27,1.6,1.4,1.21,1.2,1.21,1.19,1.63,1.69,1.62,1.29,1.29,1.27,1.27,1.26,1.26,1.25,1.24,1.27,1.59,1.26,1.26,1.26,1.2,1.19,1.25,1.56,1.55,1.55,1.51,1.5,1.5,1.51,1.5,1.49,1.44,1.44,1.45,1.27,1.28,1.26,1.26,1.28,1.26,1.2,1.28,1.24,1.24,1.27,1.24,1.33,1.46,1.32,1.38,1.32,1.42,1.47,1.43,1.46,1.51,1.09,1.93,1.52,1.45,1.53,1.6,1.64,1.28,2.74,2.57,2.57,1.61,1.56,1.6,1.65,1.13,1.06,1.81,1.49,1.96,1.48,1.49,1.61,1.78,1.27,1.27,1.31,1.12,1.12,1.07,1.16,1.27,1.25,1.32,1.23,1.29,1.25,1.22,1.22,1.2,1.56,1.57,1.55,1.23,1.47,1.49,1.47,1.4,1.67,1.55,1.28,1.46,1.47,1.5,1.46,1.46,1.43,1.47,1.47,1.42,1.47,1.97,1.33,2.66,2.75,1.35,0.41,1.69,1.24,1.24,1.62,1.61,1.27,1.27,1.61,1.62,1.61,1.6,1.61,1.61,2.58,2.58,2.58,1.61,1.6,1.6,1.13,1.33,1.33,1.32,1.65,1.62,1.63,1.66,1.71,1.69,1.64,1.65,1.66,1.68,1.68,1.69,1.65,1.65,1.63,1.58,1.61,1.46
1jsi,1.66,1.63,1.61,1.61,1.62,1.62,1.61,1.62,1.61,0.17,0.11,0.0,1.24,1.29,1.24,1.64,1.6,1.59,1.59,1.63,1.48,0.98,1.12,0.99,0.97,1.75,1.53,1.62,1.26,2.57,2.62,1.63,1.61,1.48,1.49,1.7,1.72,1.82,1.76,1.55,1.55,1.56,1.84,1.6,1.34,1.35,1.64,1.65,1.65,1.64,1.65,1.65,1.64,1.6,1.29,2.62,1.64,1.66,1.58,1.32,1.3,1.16,1.62,1.19,1.24,1.21,1.25,1.5,1.51,1.5,1.08,1.28,1.74,1.78,1.58,1.73,1.35,1.84,1.49,1.48,1.59,1.83,1.09,1.26,0.78,1.27,1.61,1.4,1.21,1.2,1.21,1.19,1.63,1.6,1.63,1.29,1.29,1.27,1.27,1.26,1.26,1.25,1.24,1.27,1.59,1.26,1.27,1.26,1.21,1.2,1.25,1.56,1.54,1.54,1.51,1.5,1.5,1.51,1.5,1.5,1.45,1.45,1.46,1.27,1.28,1.27,1.26,1.28,1.27,1.2,1.28,1.25,1.24,1.27,1.25,1.32,1.45,1.32,1.38,1.32,1.43,1.47,1.43,1.46,1.5,1.09,1.93,1.52,1.45,1.53,1.61,1.64,1.28,2.74,2.84,2.84,1.62,1.56,1.61,1.65,1.13,1.06,1.81,1.49,1.95,1.48,1.48,1.62,1.78,1.27,1.27,1.3,1.12,1.12,1.07,1.17,1.27,1.24,1.32,1.24,1.29,1.25,1.22,1.22,1.2,1.56,1.56,1.55,1.24,1.47,1.48,1.47,1.39,1.68,1.55,1.28,1.46,1.48,1.5,1.46,1.47,1.43,1.47,1.47,1.43,1.47,1.97,1.33,2.66,2.75,1.35,0.42,1.69,1.24,1.24,1.62,1.61,1.26,1.27,1.61,1.62,1.61,1.61,1.61,1.61,2.6,2.6,2.6,1.61,1.61,1.61,1.13,1.33,1.32,1.32,1.65,1.62,1.64,1.66,1.71,1.69,1.64,1.66,1.67,1.68,1.69,1.69,1.66,1.65,1.63,1.59,1.62,1.46
1jsm,1.5,1.52,1.5,1.5,1.51,1.51,1.5,1.5,1.5,1.23,1.24,1.24,0.0,0.28,0.09,1.54,1.48,1.47,1.47,1.47,1.27,0.89,0.92,0.9,0.9,1.51,1.09,1.51,0.45,2.81,2.91,1.49,1.21,1.2,1.2,1.31,1.32,1.33,1.35,1.16,1.15,1.18,1.45,1.23,1.29,1.28,1.54,1.53,1.53,1.53,1.54,1.54,1.54,1.48,1.26,2.89,1.91,1.93,1.49,0.65,0.54,0.99,1.51,1.16,1.2,1.16,1.18,0.42,0.42,0.42,0.93,1.21,1.51,1.49,1.53,1.49,1.3,1.65,0.41,0.42,0.56,1.47,0.92,0.52,0.45,0.57,1.5,1.11,1.14,1.16,1.13,1.17,1.11,1.21,1.54,0.58,0.58,0.57,0.51,0.55,0.57,0.55,0.53,0.57,1.49,0.51,0.54,0.55,0.49,0.51,0.52,1.1,1.09,1.09,1.3,1.28,1.28,1.3,1.3,1.29,1.24,1.26,1.25,0.52,0.55,0.54,0.52,0.55,0.54,0.54,0.56,0.55,0.54,0.54,0.56,1.33,1.35,1.3,1.33,1.31,1.2,1.23,1.24,1.32,1.42,0.97,1.63,1.47,1.41,1.47,1.51,1.53,0.52,2.88,2.97,2.97,1.51,1.48,1.51,1.54,0.98,0.99,1.66,0.48,1.92,0.43,0.55,1.5,1.67,1.19,1.19,1.25,0.95,0.91,0.89,0.54,0.54,0.54,0.55,0.52,0.57,0.51,0.55,0.54,0.53,1.09,1.13,1.12,0.52,1.3,1.38,1.36,0.89,1.57,1.19,0.7,1.29,1.28,1.32,1.29,1.28,1.25,1.26,1.27,1.27,1.3,1.55,1.25,2.88,2.87,1.26,0.33,1.62,0.52,0.52,1.56,1.56,0.64,0.62,1.57,1.57,1.57,1.55,1.57,1.52,2.84,2.84,2.84,1.5,1.51,1.52,0.98,1.34,1.31,1.34,1.52,1.49,1.48,1.49,1.51,1.51,1.5,1.55,1.56,1.58,1.54,1.56,1.54,1.54,1.51,1.46,1.51,1.27
1jsn,1.54,1.55,1.53,1.53,1.54,1.54,1.54,1.53,1.53,1.29,1.29,1.29,0.28,0.0,0.26,1.57,1.51,1.51,1.51,1.5,1.31,0.93,0.96,0.94,0.94,1.55,1.14,1.55,0.5,2.85,2.94,1.53,1.24,1.26,1.26,1.38,1.39,1.42,1.42,1.22,1.19,1.23,1.52,1.26,1.33,1.31,1.59,1.58,1.58,1.58,1.6,1.6,1.59,1.52,1.32,2.93,1.93,1.96,1.53,0.66,0.53,1.02,1.54,1.19,1.22,1.18,1.2,0.46,0.46,0.46,0.97,1.27,1.55,1.53,1.58,1.53,1.35,1.71,0.45,0.47,0.62,1.56,0.96,0.51,0.6,0.56,1.54,1.17,1.2,1.22,1.19,1.23,1.17,1.27,1.58,0.56,0.56,0.55,0.5,0.55,0.6,0.59,0.57,0.56,1.53,0.52,0.52,0.52,0.52,0.55,0.52,1.13,1.12,1.12,1.33,1.31,1.31,1.32,1.32,1.32,1.28,1.29,1.29,0.55,0.53,0.54,0.56,0.53,0.53,0.57,0.54,0.57,0.53,0.53,0.63,1.37,1.39,1.34,1.38,1.35,1.25,1.27,1.28,1.37,1.46,1.01,1.68,1.51,1.37,1.51,1.54,1.57,0.51,2.93,3.02,3.02,1.55,1.53,1.54,1.58,0.99,1.03,1.7,0.56,2.0,0.47,0.61,1.53,1.76,1.25,1.25,1.3,0.95,0.92,0.93,0.58,0.56,0.56,0.55,0.57,0.57,0.51,0.61,0.59,0.58,1.13,1.17,1.16,0.53,1.33,1.42,1.4,0.95,1.62,1.25,0.73,1.34,1.32,1.36,1.32,1.3,1.28,1.3,1.31,1.3,1.32,1.58,1.31,2.93,2.92,1.32,0.38,1.68,0.54,0.54,1.6,1.61,0.66,0.63,1.62,1.61,1.61,1.59,1.61,1.56,2.89,2.89,2.88,1.54,1.55,1.57,1.03,1.39,1.36,1.38,1.56,1.53,1.51,1.51,1.53,1.53,1.54,1.59,1.58,1.61,1.57,1.58,1.58,1.58,1.55,1.5,1.54,1.32
1jso,1.51,1.52,1.5,1.5,1.51,1.51,1.51,1.5,1.5,1.23,1.24,1.24,0.09,0.26,0.0,1.54,1.48,1.48,1.48,1.47,1.27,0.89,0.93,0.9,0.9,1.5,1.09,1.52,0.44,2.81,2.89,1.5,1.21,1.21,1.21,1.32,1.33,1.34,1.36,1.17,1.15,1.19,1.45,1.24,1.3,1.28,1.55,1.54,1.54,1.54,1.55,1.55,1.54,1.49,1.27,2.89,1.91,1.93,1.49,0.65,0.53,0.99,1.51,1.16,1.2,1.15,1.18,0.42,0.42,0.42,0.93,1.22,1.5,1.48,1.52,1.48,1.3,1.66,0.42,0.42,0.56,1.48,0.92,0.51,0.48,0.56,1.51,1.11,1.14,1.16,1.13,1.17,1.12,1.22,1.55,0.57,0.57,0.56,0.5,0.54,0.57,0.54,0.53,0.56,1.5,0.5,0.53,0.53,0.49,0.5,0.5,1.1,1.09,1.09,1.29,1.28,1.28,1.29,1.29,1.29,1.24,1.25,1.25,0.52,0.53,0.53,0.52,0.53,0.53,0.54,0.54,0.54,0.52,0.53,0.56,1.33,1.35,1.3,1.33,1.31,1.2,1.23,1.24,1.33,1.42,0.98,1.64,1.47,1.41,1.46,1.51,1.54,0.51,2.87,2.97,2.97,1.52,1.48,1.51,1.55,0.98,1.0,1.65,0.49,2.0,0.44,0.55,1.5,1.67,1.2,1.2,1.25,0.95,0.91,0.9,0.54,0.54,0.53,0.54,0.52,0.56,0.5,0.55,0.54,0.53,1.09,1.13,1.12,0.51,1.29,1.38,1.36,0.89,1.58,1.2,0.7,1.29,1.28,1.32,1.29,1.27,1.25,1.26,1.27,1.27,1.3,1.55,1.26,2.87,2.87,1.27,0.34,1.62,0.52,0.52,1.55,1.55,0.64,0.61,1.56,1.56,1.56,1.54,1.56,1.52,2.84,2.85,2.84,1.51,1.52,1.53,0.99,1.34,1.31,1.33,1.53,1.49,1.48,1.49,1.52,1.51,1.51,1.55,1.56,1.58,1.55,1.56,1.54,1.55,1.52,1.47,1.51,1.27
1ken,0.49,0.51,0.44,0.43,0.44,0.44,0.44,0.44,0.44,1.63,1.64,1.64,1.54,1.57,1.54,0.0,0.5,0.49,0.49,0.49,1.87,1.64,1.73,1.65,1.64,1.73,1.79,0.45,1.54,2.73,2.71,0.44,1.77,1.79,1.8,2.15,2.15,2.25,2.18,1.8,1.78,1.77,2.2,1.81,1.82,1.8,0.73,0.69,0.68,0.68,0.75,0.74,0.74,0.46,1.77,2.72,0.8,0.85,0.49,1.59,1.58,1.77,0.44,1.72,1.72,1.73,1.71,2.16,2.17,2.17,1.69,1.97,1.73,1.69,1.73,1.73,1.81,2.1,2.16,2.16,2.2,2.47,1.73,1.59,1.04,1.58,0.58,1.88,1.9,1.78,1.91,1.77,1.85,1.97,0.54,1.58,1.57,1.56,1.56,1.57,1.58,1.57,1.57,1.57,0.52,1.56,1.57,1.55,1.57,1.55,1.58,1.75,1.75,1.74,1.52,1.55,1.55,1.53,1.55,1.53,1.5,1.52,1.56,1.58,1.59,1.58,1.59,1.59,1.58,1.58,1.56,1.58,1.57,1.56,1.62,1.65,1.66,1.65,1.67,1.65,1.54,1.58,1.53,1.85,1.89,1.77,1.99,1.86,1.03,1.84,0.48,0.53,1.58,2.68,2.72,2.72,0.48,1.64,0.47,0.51,1.64,1.78,1.92,2.17,2.06,2.15,2.11,0.44,2.1,1.74,1.76,1.77,1.67,1.63,1.66,1.58,1.62,1.59,1.62,1.61,1.61,1.59,1.59,1.61,1.6,1.72,1.75,1.72,1.6,1.54,1.8,1.8,1.78,0.81,1.75,1.73,1.63,1.59,1.58,1.54,1.54,1.53,1.56,1.55,1.58,1.6,2.03,1.79,2.68,2.69,1.77,0.61,2.11,1.59,1.59,1.76,1.76,1.68,1.68,1.78,1.75,1.74,1.72,1.75,0.48,2.72,2.72,2.72,0.54,0.68,0.66,1.76,1.69,1.65,1.68,0.62,0.55,0.57,0.55,0.63,0.57,0.54,0.61,0.59,0.61,0.62,0.62,0.65,0.66,0.54,0.53,0.45,1.82
1mql,0.44,0.49,0.38,0.37,0.37,0.37,0.36,0.37,0.38,1.58,1.59,1.6,1.48,1.51,1.48,0.5,0.0,0.16,0.16,0.41,1.82,1.58,1.68,1.59,1.58,1.66,1.71,0.4,1.49,2.72,2.72,0.39,1.7,1.71,1.72,2.18,2.19,2.28,2.14,1.73,1.72,1.71,2.24,1.75,1.79,1.77,0.67,0.61,0.61,0.63,0.69,0.68,0.67,0.38,1.72,2.71,0.85,0.88,0.39,1.54,1.51,1.71,0.37,1.68,1.69,1.69,1.68,2.13,2.14,2.14,1.65,1.92,1.66,1.64,1.7,1.68,1.77,2.05,2.14,2.14,2.18,2.45,1.68,1.53,0.78,1.52,0.56,1.81,1.84,1.81,1.84,1.8,1.78,1.9,0.48,1.52,1.51,1.51,1.5,1.51,1.53,1.52,1.51,1.51,0.46,1.5,1.51,1.49,1.5,1.49,1.51,1.69,1.7,1.7,1.5,1.53,1.52,1.5,1.52,1.5,1.47,1.48,1.53,1.52,1.53,1.52,1.53,1.53,1.52,1.51,1.5,1.51,1.51,1.5,1.55,1.58,1.59,1.58,1.62,1.58,1.5,1.53,1.5,1.79,1.84,1.71,1.96,1.79,0.78,1.79,0.41,0.48,1.52,2.71,2.76,2.76,0.4,1.59,0.41,0.49,1.62,1.72,1.91,2.12,2.2,2.1,2.07,0.37,2.1,1.69,1.71,1.73,1.63,1.6,1.62,1.52,1.56,1.53,1.55,1.54,1.55,1.52,1.53,1.55,1.54,1.67,1.71,1.68,1.53,1.52,1.74,1.73,1.71,0.75,1.69,1.67,1.6,1.56,1.57,1.51,1.5,1.5,1.52,1.52,1.54,1.56,1.98,1.75,2.69,2.69,1.72,0.77,2.07,1.53,1.53,1.7,1.7,1.61,1.61,1.71,1.68,1.67,1.66,1.69,0.42,2.73,2.74,2.73,0.47,0.61,0.59,1.71,1.62,1.58,1.61,0.53,0.43,0.43,0.46,0.55,0.49,0.46,0.54,0.52,0.54,0.54,0.53,0.6,0.59,0.46,0.44,0.38,1.77
1mqm,0.42,0.46,0.36,0.36,0.36,0.35,0.35,0.36,0.37,1.58,1.59,1.59,1.47,1.51,1.48,0.49,0.16,0.0,0.0,0.39,1.83,1.58,1.68,1.59,1.58,1.66,1.71,0.39,1.49,2.72,2.7,0.37,1.7,1.72,1.72,2.17,2.18,2.21,2.13,1.74,1.73,1.71,2.16,1.75,1.78,1.77,0.67,0.6,0.6,0.62,0.68,0.67,0.67,0.36,1.72,2.7,0.83,0.85,0.38,1.54,1.51,1.72,0.36,1.68,1.69,1.69,1.68,2.13,2.14,2.11,1.65,1.91,1.67,1.64,1.7,1.68,1.77,2.05,2.13,2.11,2.15,2.43,1.69,1.52,0.77,1.51,0.56,1.79,1.84,1.8,1.84,1.79,1.78,1.89,0.49,1.52,1.51,1.5,1.5,1.5,1.53,1.51,1.51,1.51,0.46,1.49,1.51,1.49,1.49,1.48,1.51,1.7,1.7,1.7,1.51,1.54,1.53,1.51,1.53,1.51,1.48,1.49,1.54,1.52,1.52,1.52,1.52,1.52,1.52,1.5,1.5,1.5,1.5,1.5,1.54,1.59,1.6,1.58,1.63,1.58,1.51,1.54,1.51,1.79,1.84,1.72,1.95,1.79,0.79,1.79,0.39,0.49,1.52,2.7,2.75,2.75,0.4,1.59,0.39,0.49,1.62,1.72,1.91,2.1,2.2,2.09,2.06,0.36,2.09,1.69,1.71,1.72,1.63,1.6,1.62,1.52,1.55,1.52,1.55,1.53,1.55,1.52,1.52,1.54,1.53,1.67,1.71,1.68,1.53,1.53,1.74,1.73,1.7,0.76,1.7,1.67,1.61,1.57,1.58,1.52,1.51,1.5,1.53,1.53,1.55,1.57,1.98,1.75,2.69,2.68,1.72,0.74,2.06,1.53,1.53,1.7,1.7,1.62,1.61,1.71,1.68,1.67,1.66,1.69,0.42,2.72,2.73,2.73,0.46,0.6,0.59,1.71,1.62,1.58,1.62,0.52,0.41,0.41,0.46,0.56,0.49,0.45,0.53,0.51,0.53,0.54,0.52,0.6,0.58,0.44,0.39,0.38,1.77
1mqn,0.42,0.46,0.36,0.36,0.36,0.35,0.35,0.36,0.37,1.57,1.59,1.59,1.47,1.51,1.48,0.49,0.16,0.0,0.0,0.39,1.83,1.58,1.68,1.59,1.58,1.66,1.71,0.39,1.49,2.72,2.7,0.37,1.7,1.72,1.72,2.17,2.18,2.21,2.13,1.74,1.73,1.71,2.16,1.75,1.78,1.77,0.67,0.6,0.6,0.62,0.68,0.67,0.67,0.36,1.72,2.7,0.83,0.85,0.38,1.54,1.51,1.72,0.36,1.68,1.69,1.69,1.68,2.13,2.14,2.11,1.65,1.91,1.67,1.64,1.7,1.68,1.77,2.05,2.13,2.11,2.15,2.43,1.69,1.52,0.77,1.51,0.56,1.79,1.84,1.8,1.84,1.79,1.78,1.89,0.49,1.52,1.51,1.5,1.5,1.5,1.53,1.51,1.51,1.51,0.46,1.49,1.51,1.49,1.49,1.48,1.51,1.7,1.7,1.7,1.51,1.54,1.53,1.51,1.53,1.51,1.48,1.49,1.54,1.52,1.52,1.52,1.52,1.52,1.52,1.5,1.5,1.5,1.5,1.5,1.54,1.59,1.6,1.58,1.63,1.58,1.51,1.54,1.51,1.79,1.84,1.72,1.95,1.79,0.79,1.79,0.39,0.49,1.52,2.7,2.75,2.75,0.4,1.59,0.39,0.49,1.62,1.72,1.91,2.1,2.2,2.09,2.06,0.36,2.09,1.69,1.71,1.72,1.63,1.6,1.62,1.52,1.55,1.52,1.55,1.53,1.55,1.52,1.52,1.54,1.53,1.67,1.71,1.68,1.53,1.53,1.74,1.73,1.7,0.76,1.7,1.67,1.61,1.57,1.58,1.52,1.51,1.5,1.53,1.53,1.55,1.57,1.98,1.75,2.69,2.68,1.72,0.74,2.06,1.53,1.53,1.7,1.7,1.62,1.61,1.71,1.68,1.67,1.66,1.69,0.42,2.72,2.73,2.73,0.46,0.6,0.59,1.71,1.62,1.58,1.62,0.52,0.41,0.41,0.46,0.56,0.49,0.45,0.54,0.51,0.53,0.54,0.52,0.6,0.58,0.44,0.39,0.38,1.77
1qfu,0.34,0.46,0.31,0.31,0.32,0.32,0.33,0.31,0.32,1.62,1.63,1.63,1.47,1.5,1.47,0.49,0.41,0.39,0.39,0.0,1.85,1.63,1.72,1.64,1.63,1.63,1.71,0.36,1.47,2.68,2.68,0.31,1.69,1.72,1.72,2.18,2.19,2.27,2.13,1.72,1.71,1.7,2.22,1.76,1.82,1.8,0.62,0.56,0.55,0.57,0.63,0.62,0.61,0.33,1.75,2.68,0.82,0.86,0.38,1.52,1.5,1.73,0.33,1.71,1.73,1.73,1.71,2.13,2.14,2.13,1.68,1.93,1.64,1.61,1.66,1.65,1.8,2.04,2.13,2.12,2.13,2.42,1.72,1.52,0.89,1.51,0.51,1.81,1.86,1.83,1.86,1.82,1.78,1.89,0.43,1.51,1.5,1.5,1.49,1.49,1.52,1.5,1.5,1.5,0.44,1.48,1.5,1.49,1.49,1.48,1.51,1.69,1.7,1.69,1.46,1.5,1.49,1.47,1.49,1.47,1.43,1.45,1.5,1.51,1.52,1.51,1.51,1.52,1.51,1.5,1.49,1.49,1.49,1.49,1.54,1.55,1.58,1.56,1.6,1.56,1.46,1.5,1.48,1.82,1.86,1.75,1.94,1.81,0.81,1.81,0.35,0.44,1.51,2.69,2.73,2.73,0.36,1.55,0.35,0.42,1.65,1.76,1.88,2.13,2.16,2.13,2.07,0.33,2.06,1.72,1.73,1.75,1.67,1.63,1.65,1.51,1.54,1.52,1.54,1.53,1.54,1.51,1.51,1.54,1.53,1.65,1.7,1.67,1.52,1.48,1.76,1.76,1.7,0.69,1.7,1.67,1.57,1.53,1.53,1.48,1.48,1.47,1.49,1.48,1.52,1.54,1.96,1.77,2.67,2.67,1.74,0.71,2.05,1.52,1.52,1.68,1.68,1.62,1.62,1.69,1.66,1.65,1.64,1.67,0.38,2.7,2.71,2.7,0.46,0.57,0.55,1.74,1.59,1.56,1.59,0.55,0.48,0.48,0.47,0.56,0.51,0.44,0.5,0.53,0.54,0.52,0.56,0.57,0.55,0.4,0.42,0.35,1.79
1rd8,1.89,1.87,1.84,1.83,1.85,1.85,1.84,1.84,1.85,1.48,1.48,1.48,1.27,1.31,1.27,1.87,1.82,1.83,1.83,1.85,0.0,1.03,0.97,1.04,1.04,2.12,1.03,1.86,1.4,2.75,2.85,1.82,1.04,0.97,0.95,1.19,1.16,1.19,1.17,0.98,0.96,0.96,1.22,1.04,0.57,0.55,1.91,1.88,1.88,1.9,1.91,1.91,1.9,1.85,0.64,2.75,2.25,2.25,1.86,1.35,1.42,1.16,1.84,0.88,0.87,0.87,0.86,1.85,1.84,1.84,1.03,0.98,2.11,2.11,2.14,2.1,0.49,1.23,1.84,1.84,1.89,1.21,1.08,1.37,0.82,1.41,1.86,1.12,0.96,0.97,0.96,0.96,1.27,1.38,1.89,1.47,1.47,1.46,1.31,1.33,1.41,1.42,1.31,1.35,1.81,1.43,1.43,1.43,1.41,1.4,1.41,1.09,1.03,1.05,1.77,1.75,1.75,1.77,1.76,1.76,1.73,1.73,1.72,1.4,1.43,1.32,1.31,1.43,1.32,1.32,1.35,1.44,1.34,1.43,1.29,1.74,1.72,1.71,1.7,1.7,1.67,1.66,1.7,0.57,1.27,1.08,1.39,1.7,0.51,1.69,1.85,1.88,1.32,2.89,2.89,2.89,1.86,2.13,1.85,1.88,0.93,1.09,1.52,1.84,1.7,1.85,1.78,1.84,1.5,0.64,0.67,0.61,1.0,1.0,1.0,1.28,1.41,1.3,1.31,1.26,1.38,1.38,1.38,1.36,1.37,1.13,1.03,1.04,1.32,1.77,1.59,1.56,1.14,1.9,1.03,1.4,1.74,1.74,1.79,1.77,1.74,1.74,1.75,1.76,1.74,1.77,1.33,0.5,2.88,2.88,0.56,0.47,1.72,1.31,1.31,2.23,2.24,1.4,1.31,2.26,2.25,2.24,2.23,2.25,1.85,2.92,2.93,2.81,1.84,1.86,1.87,1.02,1.74,1.71,1.74,1.89,1.84,1.83,1.82,1.83,1.83,1.83,1.93,1.91,1.92,1.92,1.9,1.92,1.92,1.87,1.82,1.86,0.58
1ru7,1.64,1.64,1.61,1.61,1.62,1.63,1.62,1.62,1.62,0.97,0.97,0.98,0.89,0.93,0.89,1.64,1.58,1.58,1.58,1.63,1.03,0.0,0.43,0.17,0.14,1.64,1.14,1.63,0.94,2.81,2.81,1.61,1.27,1.19,1.18,1.48,1.61,1.64,1.65,1.2,1.22,1.22,1.72,1.3,0.86,0.91,1.66,1.65,1.65,1.65,1.67,1.67,1.66,1.61,0.88,2.81,1.82,1.83,1.62,1.01,0.99,0.55,1.62,0.79,0.84,0.79,0.83,1.2,1.2,1.2,0.45,0.91,1.69,1.66,1.7,1.66,0.92,1.45,1.19,1.19,1.32,1.72,0.43,0.94,0.76,0.96,1.61,1.05,0.85,0.86,0.85,0.86,1.13,1.22,1.66,1.02,1.01,1.0,0.97,0.98,0.98,0.97,0.97,1.0,1.6,0.98,0.98,0.99,0.94,0.92,0.97,1.22,1.17,1.19,1.46,1.44,1.44,1.46,1.45,1.45,1.41,1.42,1.41,0.95,0.98,0.96,0.95,0.98,0.96,0.94,0.98,0.97,0.95,0.99,0.92,1.46,1.44,1.42,1.45,1.41,1.33,1.34,1.38,1.0,1.21,0.47,1.57,1.5,0.39,1.49,1.62,1.65,0.97,2.92,2.87,2.86,1.63,1.61,1.62,1.66,0.5,0.49,1.64,1.17,1.67,1.23,1.21,1.62,1.76,0.82,0.81,0.88,0.46,0.42,0.37,0.89,0.94,0.95,0.97,0.88,0.93,0.91,0.91,0.89,0.88,1.25,1.22,1.21,0.95,1.47,1.4,1.37,1.04,1.67,1.2,0.92,1.42,1.42,1.48,1.44,1.44,1.42,1.42,1.43,1.42,1.45,1.49,0.89,2.93,2.79,0.92,0.34,1.56,0.94,0.94,1.74,1.75,0.93,0.92,1.76,1.76,1.75,1.72,1.75,1.62,2.83,2.83,2.83,1.61,1.62,1.63,0.54,1.46,1.44,1.46,1.62,1.58,1.58,1.6,1.63,1.62,1.6,1.66,1.65,1.65,1.66,1.65,1.64,1.63,1.62,1.56,1.63,0.98
1rvt,1.74,1.73,1.7,1.7,1.72,1.72,1.71,1.71,1.71,1.11,1.11,1.12,0.92,0.96,0.93,1.73,1.68,1.68,1.68,1.72,0.97,0.43,0.0,0.47,0.45,1.8,1.24,1.72,0.99,2.88,2.88,1.7,1.29,1.3,1.28,1.55,1.52,1.55,1.56,1.3,1.32,1.34,1.66,1.4,0.96,1.01,1.75,1.74,1.74,1.75,1.76,1.76,1.75,1.69,0.97,2.88,1.93,1.95,1.7,1.03,1.02,0.55,1.71,0.87,0.93,0.88,0.92,1.23,1.24,1.23,0.4,0.95,1.84,1.8,1.85,1.8,0.98,1.46,1.23,1.23,1.37,1.8,0.41,1.0,0.78,1.0,1.7,1.17,0.94,0.94,0.92,0.95,1.36,1.41,1.75,1.06,1.06,1.05,1.02,1.01,1.03,1.02,1.01,1.03,1.7,1.01,1.02,1.03,1.0,0.97,1.02,1.23,1.17,1.18,1.53,1.52,1.51,1.53,1.52,1.53,1.48,1.49,1.48,1.0,1.02,1.01,0.98,1.02,1.0,1.0,1.04,1.03,1.02,1.03,0.93,1.56,1.55,1.52,1.54,1.51,1.41,1.42,1.45,1.06,1.3,0.44,1.59,1.58,1.51,1.56,1.71,1.74,0.98,2.88,2.94,2.94,1.72,1.78,1.71,1.74,0.56,0.42,1.72,1.23,1.72,1.28,1.28,1.71,1.75,0.94,0.92,0.99,0.52,0.48,0.38,0.92,0.97,0.99,0.99,0.9,0.96,0.94,0.94,0.92,0.92,1.27,1.22,1.21,0.99,1.54,1.49,1.47,1.11,1.76,1.33,0.95,1.47,1.49,1.56,1.52,1.51,1.5,1.5,1.5,1.49,1.53,1.48,0.95,2.89,2.88,1.01,0.4,1.62,0.98,0.98,1.89,1.9,0.96,0.96,1.91,1.9,1.9,1.87,1.89,1.71,2.93,2.93,2.92,1.69,1.71,1.73,0.48,1.56,1.53,1.56,1.7,1.66,1.67,1.69,1.71,1.72,1.67,1.74,1.74,1.74,1.75,1.74,1.72,1.71,1.71,1.65,1.72,1.03
1rvx,1.65,1.65,1.62,1.62,1.64,1.64,1.63,1.63,1.63,1.0,0.99,0.99,0.9,0.94,0.9,1.65,1.59,1.59,1.59,1.64,1.04,0.17,0.47,0.0,0.14,1.64,1.14,1.64,0.95,2.82,2.81,1.62,1.27,1.21,1.2,1.49,1.62,1.63,1.65,1.22,1.23,1.22,1.73,1.31,0.87,0.9,1.68,1.67,1.67,1.66,1.68,1.68,1.67,1.62,0.9,2.81,1.82,1.83,1.63,1.02,1.0,0.59,1.64,0.78,0.82,0.78,0.81,1.19,1.19,1.18,0.49,0.95,1.69,1.66,1.7,1.66,0.94,1.46,1.18,1.18,1.31,1.71,0.47,0.93,0.75,0.94,1.63,1.05,0.88,0.88,0.87,0.88,1.34,1.23,1.67,1.02,1.01,1.0,0.97,0.98,0.99,0.97,0.97,1.0,1.62,0.98,0.98,0.98,0.94,0.93,0.97,1.22,1.17,1.19,1.46,1.44,1.43,1.46,1.45,1.45,1.41,1.42,1.41,0.96,0.98,0.96,0.96,0.98,0.97,0.95,0.97,0.97,0.94,0.99,0.93,1.45,1.43,1.41,1.44,1.41,1.34,1.33,1.38,1.02,1.22,0.54,1.58,1.49,0.41,1.48,1.63,1.66,0.97,2.8,2.86,2.86,1.64,1.61,1.63,1.68,0.51,0.54,1.64,1.17,1.68,1.22,1.21,1.63,1.77,0.85,0.84,0.89,0.44,0.42,0.4,0.9,0.93,0.95,0.97,0.89,0.93,0.91,0.93,0.9,0.89,1.25,1.21,1.21,0.95,1.46,1.39,1.37,1.05,1.7,1.2,0.92,1.42,1.42,1.48,1.44,1.43,1.42,1.42,1.43,1.43,1.45,1.5,0.93,2.93,2.79,0.95,0.34,1.57,0.94,0.94,1.73,1.74,0.92,0.91,1.75,1.74,1.74,1.71,1.73,1.63,2.83,2.83,2.83,1.62,1.64,1.65,0.57,1.46,1.43,1.46,1.63,1.59,1.59,1.6,1.62,1.62,1.61,1.67,1.65,1.66,1.67,1.65,1.65,1.65,1.64,1.58,1.64,1.0
1rvz,1.64,1.64,1.61,1.6,1.62,1.62,1.61,1.62,1.62,0.97,0.97,0.97,0.9,0.94,0.9,1.64,1.58,1.58,1.58,1.63,1.04,0.14,0.45,0.14,0.0,1.64,1.14,1.62,0.94,2.83,2.81,1.61,1.28,1.22,1.21,1.49,1.62,1.64,1.66,1.22,1.23,1.23,1.73,1.31,0.87,0.91,1.66,1.66,1.66,1.65,1.67,1.67,1.66,1.61,0.9,2.82,1.82,1.83,1.62,1.02,0.99,0.6,1.62,0.78,0.82,0.78,0.81,1.19,1.19,1.18,0.47,0.93,1.69,1.66,1.7,1.66,0.93,1.46,1.18,1.18,1.31,1.71,0.47,0.94,0.74,0.95,1.61,1.04,0.86,0.87,0.86,0.87,1.33,1.23,1.66,1.01,1.01,1.0,0.97,0.98,0.98,0.97,0.97,1.0,1.6,0.98,0.97,0.98,0.94,0.92,0.97,1.21,1.17,1.18,1.46,1.45,1.44,1.46,1.45,1.46,1.42,1.42,1.41,0.95,0.98,0.96,0.96,0.98,0.96,0.95,0.98,0.97,0.95,0.98,0.93,1.46,1.44,1.41,1.45,1.41,1.35,1.34,1.39,1.01,1.21,0.52,1.57,1.48,0.42,1.47,1.62,1.65,0.97,2.84,2.86,2.86,1.62,1.61,1.62,1.67,0.5,0.53,1.64,1.17,1.69,1.22,1.2,1.61,1.77,0.84,0.83,0.89,0.46,0.43,0.4,0.9,0.94,0.95,0.97,0.89,0.93,0.91,0.92,0.89,0.88,1.24,1.21,1.21,0.95,1.47,1.39,1.36,1.05,1.68,1.19,0.92,1.43,1.43,1.49,1.45,1.44,1.42,1.43,1.44,1.43,1.45,1.5,0.91,2.93,2.89,0.94,0.33,1.57,0.93,0.93,1.74,1.74,0.92,0.92,1.75,1.75,1.74,1.71,1.74,1.61,2.84,2.83,2.84,1.61,1.62,1.64,0.55,1.46,1.44,1.47,1.62,1.58,1.58,1.59,1.61,1.61,1.59,1.66,1.65,1.65,1.66,1.64,1.64,1.63,1.63,1.57,1.62,0.99
1ti8,1.66,1.65,1.65,1.65,1.65,1.66,1.65,1.66,1.65,1.75,1.75,1.75,1.51,1.55,1.5,1.73,1.66,1.66,1.66,1.63,2.12,1.64,1.8,1.64,1.64,0.0,2.07,1.67,1.52,3.05,2.92,1.64,2.01,2.02,2.01,2.01,2.13,1.98,2.0,2.09,1.97,1.98,2.02,2.04,2.1,2.06,1.63,1.63,1.63,1.63,1.64,1.63,1.62,1.64,2.09,3.06,1.73,1.74,1.63,1.6,1.56,1.75,1.68,1.88,1.91,1.88,1.88,1.77,1.78,1.8,1.74,2.13,0.53,0.41,0.67,0.42,2.16,2.3,1.78,1.76,1.78,2.32,1.72,1.57,1.21,1.55,1.6,2.03,2.05,1.92,2.07,1.93,2.08,2.17,1.68,1.6,1.6,1.58,1.57,1.57,1.58,1.56,1.58,1.56,1.65,1.53,1.57,1.58,1.51,1.52,1.53,2.08,2.09,2.07,0.61,0.54,0.53,0.55,0.54,0.56,0.5,0.5,0.47,1.57,1.6,1.58,1.58,1.6,1.59,1.54,1.52,1.52,1.5,1.56,1.55,0.85,0.88,0.83,0.88,0.8,0.41,0.42,0.47,2.19,1.99,1.78,2.62,1.97,1.16,1.96,1.65,1.65,1.54,2.95,3.09,3.09,1.65,0.38,1.65,1.7,1.87,1.78,2.06,1.83,2.5,1.76,1.77,1.68,2.17,1.98,1.94,2.05,1.76,1.74,1.72,1.54,1.59,1.54,1.59,1.58,1.62,1.55,1.57,1.56,1.54,2.04,2.13,2.14,1.55,0.5,1.93,1.93,1.93,1.64,2.07,1.69,0.49,0.52,0.53,0.5,0.51,0.47,0.48,0.47,0.49,0.5,2.65,2.1,2.95,2.9,1.99,1.14,2.22,1.55,1.55,0.46,0.47,1.59,1.57,0.48,0.47,0.46,0.44,0.45,1.66,2.93,2.92,2.92,1.71,1.67,1.65,1.73,0.87,0.81,0.83,1.7,1.64,1.64,1.65,1.71,1.7,1.71,1.7,1.71,1.72,1.67,1.74,1.71,1.69,1.68,1.66,1.68,2.15
2fk0,1.74,1.75,1.72,1.72,1.73,1.74,1.73,1.73,1.73,1.52,1.52,1.53,1.09,1.14,1.09,1.79,1.71,1.71,1.71,1.71,1.03,1.14,1.24,1.14,1.14,2.07,0.0,1.74,1.12,2.81,2.81,1.73,0.84,0.81,0.83,1.15,1.12,1.13,1.13,0.89,0.85,0.85,1.2,0.94,1.03,1.02,1.78,1.76,1.76,1.77,1.78,1.78,1.77,1.73,0.91,2.8,2.2,2.22,1.74,1.18,1.1,1.28,1.73,1.04,1.05,1.02,1.04,1.49,1.49,1.48,1.21,0.93,2.1,2.08,2.12,2.07,0.99,1.35,1.49,1.48,1.37,1.09,1.22,1.08,0.68,1.13,1.75,0.81,0.86,0.89,0.86,0.88,0.85,0.99,1.77,1.17,1.18,1.17,1.13,1.16,1.14,1.14,1.14,1.19,1.72,1.13,1.14,1.14,1.11,1.1,1.11,0.68,0.63,0.64,1.63,1.62,1.62,1.64,1.62,1.64,1.59,1.6,1.59,1.11,1.14,1.13,1.13,1.14,1.14,1.14,1.15,1.14,1.14,1.15,1.12,1.62,1.6,1.59,1.6,1.59,1.55,1.55,1.58,0.98,1.19,1.22,1.37,1.42,0.75,1.42,1.74,1.76,1.13,2.78,2.84,2.84,1.74,2.07,1.74,1.78,1.14,1.24,1.54,1.32,1.18,1.48,1.61,1.73,1.44,0.87,0.85,0.9,1.17,1.15,1.16,1.16,1.12,1.12,1.11,1.11,1.12,1.1,1.12,1.1,1.11,0.69,0.66,0.65,1.12,1.64,1.3,1.27,0.54,1.79,0.6,1.14,1.64,1.64,1.66,1.63,1.63,1.61,1.62,1.63,1.62,1.64,1.34,0.97,2.78,2.78,0.94,0.57,1.52,1.11,1.11,2.14,2.13,1.14,1.14,2.14,2.14,2.14,2.13,2.14,1.75,2.83,2.83,2.82,1.74,1.74,1.76,1.29,1.62,1.6,1.62,1.78,1.73,1.72,1.72,1.73,1.73,1.73,1.81,1.81,1.83,1.81,1.79,1.8,1.8,1.76,1.71,1.74,0.96
2hmg,0.34,0.4,0.18,0.19,0.18,0.2,0.2,0.22,0.19,1.61,1.62,1.62,1.51,1.55,1.52,0.45,0.4,0.39,0.39,0.36,1.86,1.63,1.72,1.64,1.62,1.67,1.74,0.0,1.51,2.7,2.69,0.3,1.75,1.76,1.77,2.16,2.18,2.23,2.18,1.78,1.76,1.73,2.18,1.81,1.82,1.81,0.6,0.55,0.54,0.54,0.61,0.6,0.59,0.31,1.75,2.69,0.76,0.79,0.35,1.56,1.54,1.75,0.21,1.69,1.71,1.71,1.7,2.13,2.14,2.17,1.69,1.94,1.67,1.64,1.68,1.68,1.8,2.06,2.13,2.15,2.18,2.44,1.72,1.56,1.11,1.55,0.47,1.83,1.87,1.75,1.88,1.74,1.8,1.93,0.36,1.54,1.53,1.53,1.52,1.53,1.54,1.53,1.53,1.52,0.41,1.52,1.53,1.52,1.52,1.51,1.55,1.7,1.71,1.7,1.49,1.53,1.52,1.5,1.52,1.5,1.47,1.48,1.54,1.54,1.56,1.54,1.55,1.56,1.54,1.54,1.53,1.53,1.54,1.53,1.58,1.58,1.6,1.58,1.62,1.59,1.5,1.54,1.5,1.83,1.86,1.75,1.96,1.78,0.71,1.78,0.28,0.35,1.54,2.67,2.71,2.71,0.3,1.58,0.28,0.39,1.65,1.77,1.9,2.16,2.2,2.09,2.1,0.22,2.08,1.73,1.74,1.77,1.67,1.63,1.66,1.55,1.58,1.55,1.58,1.57,1.58,1.56,1.55,1.58,1.56,1.67,1.71,1.68,1.56,1.51,1.73,1.73,1.73,0.68,1.7,1.7,1.6,1.57,1.56,1.51,1.51,1.5,1.53,1.51,1.54,1.56,2.0,1.79,2.66,2.66,1.75,0.64,2.07,1.55,1.55,1.71,1.71,1.65,1.65,1.73,1.69,1.68,1.67,1.7,0.3,2.69,2.7,2.69,0.44,0.54,0.51,1.74,1.62,1.58,1.61,0.5,0.43,0.45,0.41,0.52,0.46,0.39,0.47,0.47,0.51,0.51,0.53,0.54,0.51,0.41,0.45,0.22,1.81
2ibx,1.51,1.52,1.49,1.49,1.5,1.51,1.5,1.5,1.49,1.25,1.25,1.26,0.45,0.5,0.44,1.54,1.49,1.49,1.49,1.47,1.4,0.94,0.99,0.95,0.94,1.52,1.12,1.51,0.0,2.8,2.8,1.5,1.26,1.26,1.26,1.38,1.39,1.39,1.41,1.2,1.18,1.2,1.48,1.28,1.3,1.27,1.53,1.53,1.52,1.52,1.54,1.54,1.53,1.5,1.28,2.8,1.86,1.9,1.5,0.59,0.49,1.03,1.51,1.15,1.19,1.16,1.18,0.5,0.5,0.49,0.98,1.23,1.54,1.5,1.55,1.51,1.32,1.66,0.49,0.49,0.63,1.5,0.96,0.53,0.72,0.53,1.5,1.1,1.17,1.18,1.16,1.18,1.12,1.22,1.53,0.51,0.51,0.5,0.44,0.47,0.47,0.45,0.46,0.49,1.51,0.46,0.49,0.49,0.46,0.48,0.49,1.09,1.09,1.08,1.27,1.26,1.26,1.27,1.27,1.27,1.23,1.25,1.24,0.47,0.49,0.48,0.49,0.49,0.49,0.52,0.52,0.51,0.5,0.47,0.55,1.32,1.32,1.29,1.32,1.31,1.21,1.23,1.23,1.35,1.39,1.02,1.64,1.43,1.45,1.42,1.51,1.52,0.49,2.91,2.97,2.97,1.52,1.49,1.51,1.54,1.01,1.06,1.62,0.52,1.98,0.53,0.56,1.5,1.63,1.22,1.21,1.26,0.98,0.94,0.94,0.53,0.53,0.53,0.55,0.54,0.58,0.53,0.55,0.54,0.53,1.09,1.14,1.11,0.49,1.28,1.36,1.34,0.91,1.56,1.18,0.72,1.29,1.28,1.31,1.28,1.28,1.26,1.25,1.26,1.27,1.28,1.55,1.28,2.92,2.91,1.27,0.34,1.7,0.54,0.54,1.55,1.56,0.64,0.6,1.56,1.56,1.56,1.55,1.56,1.51,2.79,2.85,2.84,1.52,1.5,1.51,1.06,1.32,1.31,1.32,1.53,1.51,1.5,1.49,1.52,1.52,1.51,1.57,1.57,1.6,1.56,1.58,1.55,1.56,1.53,1.49,1.51,1.3
2rft,2.68,2.71,2.68,2.68,2.7,2.7,2.7,2.7,2.68,2.55,2.55,2.57,2.81,2.85,2.81,2.73,2.72,2.72,2.72,2.68,2.75,2.81,2.88,2.82,2.83,3.05,2.81,2.7,2.8,0.0,0.31,2.68,2.7,2.82,2.84,3.18,3.2,3.27,3.21,2.78,2.97,2.82,3.13,2.94,2.86,2.77,2.68,2.7,2.68,2.67,2.68,2.68,2.66,2.69,2.84,0.41,2.92,2.95,2.72,2.8,2.85,2.94,2.71,2.74,2.77,2.74,2.75,3.42,3.41,3.41,2.86,2.91,3.05,3.03,3.03,3.06,2.77,2.77,3.41,3.4,3.3,3.27,2.87,2.86,1.09,2.83,2.68,2.88,2.85,2.73,2.85,2.83,2.77,2.74,2.67,2.86,2.86,2.85,2.83,2.83,2.79,2.78,2.8,2.76,2.69,2.82,2.83,2.85,2.81,2.82,2.83,2.78,2.8,2.78,2.68,2.82,2.83,2.81,2.64,2.83,2.77,2.83,2.72,2.78,2.83,2.8,2.79,2.83,2.82,2.82,2.86,2.93,2.83,2.83,2.84,2.97,2.95,2.97,2.96,2.94,2.76,2.82,2.71,2.97,3.03,2.92,2.85,2.97,1.47,2.98,2.65,2.68,2.84,0.81,0.81,0.81,2.66,3.01,2.65,2.68,2.81,2.96,2.86,3.49,2.38,3.38,3.45,2.69,2.92,2.86,2.79,2.85,2.83,2.84,2.83,2.86,2.96,2.8,2.81,2.82,2.84,2.84,2.83,2.84,2.82,2.75,2.77,2.75,2.82,2.83,2.86,2.84,2.78,2.68,2.78,2.95,2.88,2.85,2.85,2.7,2.76,2.78,2.83,2.83,2.79,2.9,2.82,2.9,0.84,0.82,2.84,0.85,2.96,2.86,2.86,2.97,2.98,2.92,2.91,3.07,3.03,3.04,3.01,3.04,2.66,0.76,0.75,0.75,2.73,2.67,2.66,3.01,2.95,2.93,2.96,2.71,2.69,2.7,2.7,2.72,2.72,2.69,2.72,2.74,2.75,2.74,2.75,2.71,2.7,2.72,2.68,2.69,2.96
2rfu,2.67,2.7,2.67,2.67,2.69,2.69,2.69,2.69,2.68,2.71,2.72,2.62,2.91,2.94,2.89,2.71,2.72,2.7,2.7,2.68,2.85,2.81,2.88,2.81,2.81,2.92,2.81,2.69,2.8,0.31,0.0,2.67,2.84,2.82,2.84,3.17,3.19,3.31,3.19,2.95,2.95,2.81,3.06,2.94,2.85,2.76,2.67,2.69,2.68,2.66,2.67,2.67,2.65,2.68,2.84,0.38,2.88,2.92,2.71,2.8,2.86,2.85,2.7,2.83,2.76,2.73,2.84,3.39,3.38,3.38,2.86,2.89,2.97,3.02,2.99,2.99,2.87,2.77,3.38,3.38,3.29,3.25,2.86,2.87,1.12,2.84,2.67,2.88,2.85,2.83,2.85,2.83,2.77,2.75,2.66,2.85,2.85,2.84,2.82,2.83,2.8,2.79,2.8,2.82,2.68,2.81,2.83,2.85,2.81,2.82,2.84,2.78,2.8,2.78,2.73,2.73,2.74,2.73,2.62,2.74,2.82,2.82,2.88,2.79,2.83,2.8,2.8,2.83,2.82,2.94,2.87,2.93,2.84,2.84,2.84,2.96,2.95,2.95,2.97,2.94,2.83,2.81,2.71,2.88,3.03,2.92,2.84,2.96,1.49,2.98,2.64,2.67,2.84,0.82,0.83,0.83,2.66,2.96,2.64,2.68,2.89,2.96,2.85,3.43,2.31,3.36,3.42,2.68,3.07,2.85,2.87,2.86,2.87,2.84,2.83,2.85,2.95,2.82,2.89,2.82,2.85,2.85,2.83,2.84,2.81,2.75,2.78,2.74,2.91,2.74,2.86,2.86,2.79,2.67,2.77,2.99,2.87,2.82,2.91,2.59,2.75,2.74,2.91,2.9,2.84,2.95,2.95,2.89,0.85,0.84,2.83,0.85,2.95,2.85,2.85,3.01,3.02,2.91,2.91,3.03,3.01,3.01,2.98,3.01,2.65,0.74,0.74,0.74,2.73,2.66,2.66,3.01,2.94,2.92,2.95,2.71,2.68,2.69,2.69,2.72,2.71,2.68,2.71,2.72,2.74,2.73,2.74,2.71,2.69,2.71,2.67,2.69,2.87
